0x4 000000 01110 01101 01101 00000 100000
0x8 000000 10001 10010 00000 00000 011000
0xc 000000 00101 00110 00100 00000 100010
0x10 000000 10010 10011 10001 00000 011010

0x18 101011 00010 10010 0000000000001000
0x1c 100011 00100 01101 0000000010000100

0x24 000000 01101 01001 01011 00000 100100
0x28 000000 10010 01000 10101 00000 100101
0x2c 000000 01111 11001 00011 00000 100111
0x30 000000 01110 10001 01011 00000 100110
0x34 000000 10000 10001 00100 00000 101010

0x3c 001111 10010 10101 0000000000001110
0x40 001110 10010 10101 0000000000010111
0x44 001100 10010 10101 0000000000000011
0x48 001101 10010 10101 0000000000001111

0x50 001000 01110 00111 0000000000101111
0x54 001001 11000 01010 0000000000000000
0x58 001010 01100 01101 0000000000110110

0x60 000000 01110 01101 01100 00000 000001
0x64 000000 01111 11000 01111 00000 000010
0x68 000100 01101 01111 0000000000011000
0x6c 000101 10001 10110 0000000001100000
0x70 000010 00000000000000000000111100
